27176244
76358398
100974242
107533396
168547926
254958977
281884592
302006379
307532875
356845531
454245095
464248769
865410232
876233570
878278876
878532398
887033387
888092107
921378280
931713439
976255008
1002160963
1003392390
1014584469
1025736105
1026226838
1067419166
1069281997
1071169635
1071510051
1086622946
1092511852
1094762944
1096969307
1096983183
1101004880
1104143794
1104364399
1133676235
1134595704
1140996455
1141531840
1145561490
1163060212
1193021642
1205426584
1206044631
1224869566
1228822213
1250548135
1265400902
1265437300